1995 2 5 82295
1995 4 19 50732
1995 7 9 80141
1995 7 9 80142
1995 7 9 80143
1995 9 17 37849
1996 3 5 86523
1996 3 18 16459
1996 3 27 64181
1996 7 26 92933
1996 8 11 75654
1996 8 25 14129
1996 9 5 73144
1996 9 26 99558
1996 10 6 68714
1996 10 15 81021
1996 11 2 34162
1996 11 26 53048
1997 1 3 73317
1997 2 5 28123
1997 2 12 30693
1997 2 12 71539
1997 2 23 76873
1997 3 22 92365
1997 3 23 77378
1997 4 13 96091
1997 5 12 96459
1997 10 16 28286
1997 11 14 76131
1998 2 6 64350
1998 5 11 32762
1998 9 26 56482
1998 11 6 44177
1998 11 7 96665
1998 11 9 41491
1998 11 10 24571
1998 11 19 11047
1998 12 24 51546
1999 1 28 27643
1999 2 14 57647
1999 2 24 50722
1999 2 24 57428
1999 3 17 47078
1999 3 25 35420
1999 5 24 31130
1999 10 11 12688
1999 10 15 18125
